10 111 212 313 414 515 616 717 818 919 
21 122 223 324 425 526 627 728 829 930 
32 133 234 335 436 537 638 739 840 941 
43 144 245 346 447 548 649 750 851 952 
54 155 256 357 458 559 660 761 862 963 
65 166 267 368 469 570 671 772 873 974 
76 177 278 379 480 581 682 783 884 985 
87 188 289 390 491 592 693 794 895 996 
98 199 300 401 502 603 704 805 906 1007 
109 210 311 412 513 614 715 816 917 1018 
120 221 322 423 524 625 726 827 928 1029 
131 232 333 434 535 636 737 838 939 1040 
142 243 344 445 546 647 748 849 950 1051 
153 254 355 456 557 658 759 860 961 1062 
164 265 366 467 568 669 770 871 972 1073 
175 276 377 478 579 680 781 882 983 1084 
186 287 388 489 590 691 792 893 994 1095 
197 298 399 500 601 702 803 904 1005 1106 
208 309 410 511 612 713 814 915 1016 1117 
219 320 421 522 623 724 825 926 1027 1128 
230 331 432 533 634 735 836 937 1038 1139 
241 342 443 544 645 746 847 948 1049 1150 
252 353 454 555 656 757 858 959 1060 1161 
263 364 465 566 667 768 869 970 1071 1172 
274 375 476 577 678 779 880 981 1082 1183 
285 386 487 588 689 790 891 992 1093 1194 
296 397 498 599 700 801 902 1003 1104 1205 
307 408 509 610 711 812 913 1014 1115 1216 
318 419 520 621 722 823 924 1025 1126 1227 
329 430 531 632 733 834 935 1036 1137 1238 
340 441 542 643 744 845 946 1047 1148 1249 
351 452 553 654 755 856 957 1058 1159 1260 
362 463 564 665 766 867 968 1069 1170 1271 
373 474 575 676 777 878 979 1080 1181 1282 
384 485 586 687 788 889 990 1091 1192 1293 
395 496 597 698 799 900 1001 1102 1203 1304 
406 507 608 709 810 911 1012 1113 1214 1315 
417 518 619 720 821 922 1023 1124 1225 1326 
428 529 630 731 832 933 1034 1135 1236 1337 
439 540 641 742 843 944 1045 1146 1247 1348 
450 551 652 753 854 955 1056 1157 1258 1359 
461 562 663 764 865 966 1067 1168 1269 1370 
472 573 674 775 876 977 1078 1179 1280 1381 
483 584 685 786 887 988 1089 1190 1291 1392 
494 595 696 797 898 999 1100 1201 1302 1403 
505 606 707 808 909 1010 1111 1212 1313 1414 
516 617 718 819 920 1021 1122 1223 1324 1425 
527 628 729 830 931 1032 1133 1234 1335 1436 
538 639 740 841 942 1043 1144 1245 1346 1447 
549 650 751 852 953 1054 1155 1256 1357 1458 
560 661 762 863 964 1065 1166 1267 1368 1469 
571 672 773 874 975 1076 1177 1278 1379 1480 
582 683 784 885 986 1087 1188 1289 1390 1491 
593 694 795 896 997 1098 1199 1300 1401 1502 
604 705 806 907 1008 1109 1210 1311 1412 1513 
615 716 817 918 1019 1120 1221 1322 1423 1524 
626 727 828 929 1030 1131 1232 1333 1434 1535 
637 738 839 940 1041 1142 1243 1344 1445 1546 
648 749 850 951 1052 1153 1254 1355 1456 1557 
659 760 861 962 1063 1164 1265 1366 1467 1568 
670 771 872 973 1074 1175 1276 1377 1478 1579 
681 782 883 984 1085 1186 1287 1388 1489 1590 
692 793 894 995 1096 1197 1298 1399 1500 1601 
703 804 905 1006 1107 1208 1309 1410 1511 1612 
714 815 916 1017 1118 1219 1320 1421 1522 1623 
725 826 927 1028 1129 1230 1331 1432 1533 1634 
736 837 938 1039 1140 1241 1342 1443 1544 1645 
747 848 949 1050 1151 1252 1353 1454 1555 1656 
758 859 960 1061 1162 1263 1364 1465 1566 1667 
769 870 971 1072 1173 1274 1375 1476 1577 1678 
780 881 982 1083 1184 1285 1386 1487 1588 1689 
791 892 993 1094 1195 1296 1397 1498 1599 1700 
802 903 1004 1105 1206 1307 1408 1509 1610 1711 
813 914 1015 1116 1217 1318 1419 1520 1621 1722 
824 925 1026 1127 1228 1329 1430 1531 1632 1733 
835 936 1037 1138 1239 1340 1441 1542 1643 1744 
846 947 1048 1149 1250 1351 1452 1553 1654 1755 
857 958 1059 1160 1261 1362 1463 1564 1665 1766 
868 969 1070 1171 1272 1373 1474 1575 1676 1777 
879 980 1081 1182 1283 1384 1485 1586 1687 1788 
890 991 1092 1193 1294 1395 1496 1597 1698 1799 
901 1002 1103 1204 1305 1406 1507 1608 1709 1810 
912 1013 1114 1215 1316 1417 1518 1619 1720 1821 
923 1024 1125 1226 1327 1428 1529 1630 1731 1832 
934 1035 1136 1237 1338 1439 1540 1641 1742 1843 
945 1046 1147 1248 1349 1450 1551 1652 1753 1854 
956 1057 1158 1259 1360 1461 1562 1663 1764 1865 
967 1068 1169 1270 1371 1472 1573 1674 1775 1876 
978 1079 1180 1281 1382 1483 1584 1685 1786 1887 
989 1090 1191 1292 1393 1494 1595 1696 1797 1898 
1000 1101 1202 1303 1404 1505 1606 1707 1808 1909 
1011 1112 1213 1314 1415 1516 1617 1718 1819 1920 
1022 1123 1224 1325 1426 1527 1628 1729 1830 1931 
1033 1134 1235 1336 1437 1538 1639 1740 1841 1942 
1044 1145 1246 1347 1448 1549 1650 1751 1852 1953 
1055 1156 1257 1358 1459 1560 1661 1762 1863 1964 
1066 1167 1268 1369 1470 1571 1672 1773 1874 1975 
1077 1178 1279 1380 1481 1582 1683 1784 1885 1986 
1088 1189 1290 1391 1492 1593 1694 1795 1896 1997 
1099 1200 1301 1402 1503 1604 1705 1806 1907 8 
