0010110111
1010101100
1000110000
1011100000
1011101001
1011101101
1111010111
1001101011
1100001011
0111100110
0111101110
0011001110
0100101111
1111101001
1111001001
1101101011
1110100100
1001000111
0110110110
0001010001
0010111010
1101000011
0011010011
1011001110
1110110111
1000110111
0000110000
1000110101
0100011001
0000000101
1100100110
1011110001
1000001111
1111000001
0011110111
0111001010
1100110010
1110011100
0110100111
0101110111
1010001000
1000010011
0000011010
1001100101
0010111011
1101011010
0101101111
0011000111
0110010110
1100000011
0110011100
0011011110
1111000001
0111110011
0101001010
0110001010
1110111101
0010000111
0011110011
0100010010
1000100011
0100000010
0100111010
0000110000
0100011001
1000111010
0010001010
1101100001
0100010101
1010000011
0111110011
1001101011
0011010110
1011011100
0101000001
1000101110
0010011111
1001011001
0001011110
0010110000
0010110110
0111010000
0111101010
1101100100
1100011110
1111000111
0100011001
1110111011
0010010000
0010011110
1011001100
0111101101
0011000000
1011111001
1111110011
1000001001
0111001110
0001110001
0100100010
1100111011
